ID1,4K3X.pdb,AAD17229.pdb,AAD17229_cent.pdb,AAK70452.pdb,AAK70452_cent.pdb,AAP34322.pdb,AAP34322_cent.pdb,ABB96363.pdb,ABB96363_cent.pdb,ABF21278.pdb,ABF21278_cent.pdb,ACF36396.pdb,ACF36396_cent.pdb,ACF93484.pdb,ACF93484_cent.pdb,ACF93486.pdb,ACF93486_cent.pdb,ACX31973.pdb,ACX31973_cent.pdb,ACZ53978.pdb,ACZ53978_cent.pdb,ADF83650.pdb,ADF83650_cent.pdb,ADJ38087.pdb,ADJ38087_cent.pdb,ADJ41816.pdb,ADJ41816_cent.pdb,AEH42785.pdb,AEH42785_cent.pdb,AEM75523.pdb,AEM75523_cent.pdb,AET77666.pdb,AET77666_cent.pdb,AEX33924.pdb,AEX33924_cent.pdb,AFC98273.pdb,AFC98273_cent.pdb,AFL56810.pdb,AFL56810_cent.pdb,AFM46517.pdb,AFM46517_cent.pdb,AFM46639.pdb,AFM46639_cent.pdb,AFM46643.pdb,AFM46643_cent.pdb,AFM93986.pdb,AFM93986_cent.pdb,AGA19337.pdb,AGA19337_cent.pdb,AGB84799.pdb,AGB84799_cent.pdb,AGB84833.pdb,AGB84833_cent.pdb,AGH25310.pdb,AGH25310_cent.pdb,AGI02552.pdb,AGI02552_cent.pdb,AGI55453.pdb,AGI55453_cent.pdb,AGL04214.pdb,AGL04214_cent.pdb,AGL05056.pdb,AGL05056_cent.pdb,AGO00337.pdb,AGO00337_cent.pdb,AGZ60571.pdb,AGZ60571_cent.pdb,AHB22615.pdb,AHB22615_cent.pdb,AHD25285.pdb,AHD25285_cent.pdb,AHN96842.pdb,AHN96842_cent.pdb,AHN97094.pdb,AHN97094_cent.pdb,AHY95115.pdb,AHY95115_cent.pdb,AIC73740.pdb,AIC73740_cent.pdb,CAA29337.pdb,CAA29337_cent.pdb,CY077110.pdb,CY077110_cent.pdb
4K3X.pdb,0.0,1.56,0.35,1.71,0.6,1.66,0.35,2.12,0.6,1.66,0.63,2.12,0.69,1.64,0.3,1.66,0.29,1.42,0.29,2.12,0.6,1.43,0.38,1.61,0.35,2.14,0.65,1.55,0.35,2.12,0.63,2.1,0.62,1.6,0.36,1.54,0.4,1.55,0.37,1.7,0.36,1.67,0.39,1.57,0.35,1.53,0.38,1.7,1.02,1.43,0.33,1.55,0.35,1.42,0.35,2.15,0.59,1.62,0.67,1.56,0.36,1.69,0.38,1.52,0.35,2.14,0.62,2.15,0.64,1.68,0.63,1.77,0.4,2.06,0.73,1.42,0.3,1.69,0.38,2.16,0.61,1.42,0.28
AAD17229.pdb,1.56,0.0,1.55,0.5,1.62,0.65,1.56,1.88,1.46,0.46,1.53,1.88,1.39,1.45,1.53,1.46,1.49,0.84,1.52,1.88,1.39,0.83,1.75,0.58,1.55,1.9,1.47,0.41,1.66,1.88,1.4,1.86,1.57,0.4,1.66,0.41,1.63,0.42,1.56,0.87,1.59,0.86,1.56,0.43,1.6,0.53,1.55,1.05,1.75,0.83,1.52,0.42,1.66,0.84,1.53,1.91,1.49,0.39,1.56,0.44,1.66,0.85,1.64,0.42,1.58,1.89,1.37,1.91,1.38,0.45,1.56,0.98,1.61,1.84,1.6,0.84,1.65,0.86,1.58,1.91,1.44,0.85,1.53
AAD17229_cent.pdb,0.35,1.55,0.0,1.69,0.54,1.65,0.28,2.1,0.71,1.64,0.54,2.11,0.62,1.82,0.37,1.83,0.36,1.55,0.31,2.09,0.55,1.55,0.3,1.59,0.26,2.13,0.74,1.53,0.32,2.1,0.6,2.17,0.58,1.58,0.53,1.53,0.36,1.54,0.25,1.7,0.29,1.68,0.46,1.55,0.36,1.52,0.36,1.7,0.96,1.55,0.44,1.54,0.39,1.55,0.42,2.13,0.6,1.6,0.5,1.55,0.35,1.69,0.3,1.52,0.32,2.12,0.55,2.13,0.61,1.67,0.43,1.81,0.42,2.08,0.57,1.55,0.38,1.8,0.38,2.14,0.72,1.55,0.45
AAK70452.pdb,1.71,0.5,1.69,0.0,1.75,0.35,1.69,1.95,1.55,0.56,1.67,1.95,1.49,1.6,1.66,1.62,1.63,0.96,1.65,1.95,1.5,0.95,1.77,0.42,1.68,1.97,1.57,0.53,1.7,1.95,1.5,1.86,1.65,0.5,1.69,0.62,1.66,0.53,1.69,0.97,1.72,0.96,1.7,0.55,1.62,0.64,1.68,1.09,1.82,0.96,1.66,0.57,1.78,0.96,1.67,1.98,1.59,0.51,1.6,0.57,1.69,0.95,1.67,0.65,1.62,1.96,1.48,1.98,1.49,0.61,1.61,1.11,1.72,1.87,1.7,0.97,1.85,0.96,1.71,1.98,1.54,0.97,1.67
AAK70452_cent.pdb,0.6,1.62,0.54,1.75,0.0,1.75,0.56,2.12,0.78,1.73,0.48,2.13,0.75,1.88,0.58,1.89,0.56,1.59,0.45,2.11,0.68,1.59,0.51,1.67,0.58,2.15,0.78,1.61,0.56,2.12,0.74,2.08,0.71,1.67,0.64,1.61,0.55,1.62,0.49,1.87,0.56,1.77,0.47,1.64,0.55,1.6,0.5,1.75,1.04,1.59,0.27,1.61,0.52,1.59,0.39,2.15,0.76,1.69,0.49,1.62,0.41,1.86,0.65,1.59,0.58,2.14,0.74,2.15,0.68,1.75,0.46,1.86,0.58,2.09,0.57,1.59,0.54,1.87,0.68,2.16,0.79,1.59,0.27
AAP34322.pdb,1.66,0.65,1.65,0.35,1.75,0.0,1.66,1.95,1.56,0.53,1.67,1.96,1.5,1.63,1.63,1.64,1.6,1.09,1.63,1.96,1.51,1.08,1.74,0.7,1.65,1.98,1.58,0.8,1.66,1.96,1.5,1.89,1.53,0.6,1.78,0.69,1.75,0.79,1.66,1.02,1.68,1.0,1.67,0.63,1.71,0.84,1.65,1.13,1.82,1.08,1.63,0.81,1.76,1.08,1.64,1.99,1.59,0.6,1.7,0.81,1.66,1.0,1.64,0.68,1.7,1.97,1.48,1.99,1.5,0.55,1.7,1.07,1.63,1.9,1.71,1.08,1.74,1.01,1.67,1.99,1.55,1.1,1.65
AAP34322_cent.pdb,0.35,1.56,0.28,1.69,0.56,1.66,0.0,2.09,0.69,1.66,0.57,2.1,0.58,1.79,0.32,1.8,0.38,1.54,0.32,2.09,0.56,1.55,0.21,1.61,0.2,2.12,0.7,1.55,0.32,2.1,0.6,2.15,0.57,1.6,0.48,1.65,0.25,1.56,0.27,1.81,0.24,1.79,0.42,1.57,0.33,1.53,0.32,1.73,0.93,1.54,0.44,1.56,0.3,1.54,0.38,2.13,0.6,1.62,0.58,1.56,0.3,1.8,0.29,1.53,0.35,2.11,0.54,2.13,0.61,1.68,0.46,1.91,0.41,2.05,0.57,1.54,0.33,1.8,0.37,2.14,0.72,1.54,0.45
ABB96363.pdb,2.12,1.88,2.1,1.95,2.12,1.95,2.09,0.0,2.04,1.87,2.11,0.11,1.99,1.59,2.04,1.58,2.03,1.73,2.07,0.18,1.99,1.73,2.08,1.89,2.11,0.16,2.06,1.84,2.11,0.12,1.98,1.54,2.09,1.94,2.22,1.84,2.17,1.83,2.09,1.81,2.13,1.84,2.09,1.91,2.15,1.83,2.06,1.99,2.37,1.73,2.08,1.84,2.15,1.73,2.1,0.19,2.14,1.91,2.11,1.85,2.1,1.81,2.11,1.87,2.16,0.19,2.01,0.24,1.96,1.85,2.13,1.8,2.12,1.61,2.08,1.74,2.2,1.84,2.13,0.16,2.08,1.74,2.09
ABB96363_cent.pdb,0.6,1.46,0.71,1.55,0.78,1.56,0.69,2.04,0.0,1.53,0.8,2.05,0.57,1.73,0.67,1.74,0.66,1.37,0.62,2.04,0.44,1.38,0.69,1.46,0.71,2.07,0.28,1.4,0.67,2.05,0.46,2.07,0.56,1.5,0.55,1.41,0.71,1.4,0.71,1.55,0.71,1.55,0.7,1.49,0.65,1.41,0.66,1.63,1.16,1.37,0.62,1.4,0.63,1.37,0.72,2.07,0.48,1.48,0.85,1.41,0.64,1.54,0.7,1.42,0.66,2.06,0.58,2.08,0.42,1.54,0.81,1.7,0.68,1.98,0.63,1.37,0.64,1.55,0.71,2.08,0.28,1.37,0.64
ABF21278.pdb,1.66,0.46,1.64,0.56,1.73,0.53,1.66,1.87,1.53,0.0,1.64,1.87,1.46,1.57,1.63,1.59,1.59,0.95,1.62,1.87,1.46,0.93,1.66,0.69,1.64,1.89,1.55,0.58,1.65,1.86,1.48,1.81,1.61,0.57,1.74,0.6,1.72,0.58,1.65,0.76,1.68,0.78,1.66,0.58,1.58,0.54,1.64,0.98,1.8,0.94,1.64,0.56,1.74,0.94,1.64,1.89,1.56,0.55,1.56,0.57,1.66,0.74,1.63,0.59,1.67,1.88,1.45,1.89,1.46,0.31,1.57,0.97,1.6,1.83,1.66,0.95,1.74,0.77,1.67,1.89,1.52,0.96,1.65
ABF21278_cent.pdb,0.63,1.53,0.54,1.67,0.48,1.67,0.57,2.11,0.8,1.64,0.0,2.11,0.77,1.85,0.61,1.87,0.59,1.55,0.48,2.1,0.71,1.55,0.51,1.59,0.55,2.13,0.82,1.52,0.55,2.11,0.77,2.08,0.73,1.58,0.61,1.52,0.59,1.53,0.51,1.77,0.61,1.66,0.44,1.55,0.54,1.5,0.52,1.66,0.96,1.55,0.35,1.52,0.56,1.55,0.42,2.13,0.78,1.6,0.38,1.53,0.48,1.76,0.57,1.48,0.53,2.12,0.77,2.14,0.72,1.66,0.4,1.82,0.6,2.08,0.62,1.55,0.55,1.77,0.59,2.14,0.82,1.55,0.35
ACF36396.pdb,2.12,1.88,2.11,1.95,2.13,1.96,2.1,0.11,2.05,1.87,2.11,0.0,2.0,1.59,2.04,1.59,2.03,1.73,2.07,0.17,1.99,1.74,2.09,1.9,2.12,0.12,2.06,1.84,2.12,0.11,1.98,1.54,2.09,1.94,2.23,1.85,2.18,1.83,2.1,1.82,2.14,1.85,2.1,1.92,2.16,1.83,2.07,1.99,2.37,1.73,2.09,1.85,2.16,1.74,2.11,0.15,2.14,1.92,2.12,1.85,2.11,1.82,2.12,1.88,2.17,0.16,2.01,0.23,1.97,1.86,2.14,1.8,2.13,1.62,2.08,1.74,2.21,1.84,2.14,0.14,2.09,1.74,2.1
ACF36396_cent.pdb,0.69,1.39,0.62,1.49,0.75,1.5,0.58,1.99,0.57,1.46,0.77,2.0,0.0,1.69,0.63,1.7,0.64,1.3,0.59,1.98,0.4,1.31,0.56,1.41,0.59,2.01,0.55,1.34,0.7,1.99,0.45,2.1,0.4,1.44,0.76,1.36,0.56,1.33,0.62,1.53,0.63,1.53,0.59,1.42,0.64,1.34,0.64,1.56,1.12,1.3,0.61,1.34,0.64,1.31,0.58,2.02,0.52,1.42,0.82,1.34,0.64,1.52,0.63,1.35,0.69,2.0,0.39,2.02,0.37,1.49,0.8,1.66,0.71,2.0,0.45,1.3,0.69,1.53,0.62,2.02,0.59,1.3,0.63
ACF93484.pdb,1.64,1.45,1.82,1.6,1.88,1.63,1.79,1.59,1.73,1.57,1.85,1.59,1.69,0.0,1.8,0.1,1.7,1.38,1.7,1.6,1.72,1.42,1.81,1.55,1.81,1.62,1.74,1.5,1.77,1.61,1.75,1.49,1.73,1.5,1.75,1.48,1.77,1.48,1.81,1.46,1.69,1.45,1.81,1.43,1.85,1.48,1.69,2.05,2.09,1.4,1.7,1.5,1.79,1.39,1.81,1.64,1.75,1.56,1.79,1.52,1.81,1.47,1.73,1.41,1.85,1.62,1.68,1.68,1.79,1.53,1.8,1.59,1.72,1.43,1.73,1.4,1.79,1.48,1.81,1.63,1.74,1.39,1.79
ACF93484_cent.pdb,0.3,1.53,0.37,1.66,0.58,1.63,0.32,2.04,0.67,1.63,0.61,2.04,0.63,1.8,0.0,1.81,0.23,1.49,0.31,2.04,0.64,1.51,0.34,1.59,0.36,2.06,0.71,1.51,0.33,2.05,0.68,2.12,0.53,1.57,0.66,1.61,0.62,1.52,0.37,1.75,0.35,1.73,0.38,1.54,0.56,1.49,0.37,1.95,1.17,1.5,0.3,1.52,0.29,1.5,0.36,2.07,0.63,1.58,0.63,1.53,0.31,1.74,0.34,1.48,0.57,2.05,0.64,2.08,0.62,1.65,0.59,1.81,0.38,2.12,0.87,1.5,0.28,1.75,0.34,2.07,0.69,1.5,0.26
ACF93486.pdb,1.66,1.46,1.83,1.62,1.89,1.64,1.8,1.58,1.74,1.59,1.87,1.59,1.7,0.1,1.81,0.0,1.71,1.4,1.71,1.59,1.73,1.43,1.82,1.56,1.82,1.61,1.75,1.51,1.78,1.6,1.76,1.47,1.74,1.51,1.76,1.49,1.79,1.5,1.82,1.49,1.82,1.47,1.82,1.44,1.87,1.49,1.7,2.06,2.2,1.41,1.71,1.52,1.8,1.4,1.83,1.63,1.76,1.57,1.8,1.54,1.83,1.49,1.75,1.43,1.86,1.61,1.69,1.67,1.8,1.55,1.81,1.6,1.73,1.42,1.74,1.41,1.8,1.5,1.82,1.63,1.75,1.4,1.81
ACF93486_cent.pdb,0.29,1.49,0.36,1.63,0.56,1.6,0.38,2.03,0.66,1.59,0.59,2.03,0.64,1.7,0.23,1.71,0.0,1.35,0.25,2.03,0.63,1.36,0.38,1.55,0.38,2.04,0.72,1.48,0.35,2.03,0.69,2.06,0.53,1.54,0.66,1.48,0.63,1.48,0.38,1.64,0.39,1.62,0.42,1.51,0.56,1.46,0.33,1.91,1.18,1.35,0.29,1.48,0.34,1.35,0.38,2.05,0.65,1.55,0.58,1.49,0.36,1.62,0.38,1.45,0.56,2.03,0.65,2.06,0.6,1.62,0.57,1.68,0.35,2.06,0.66,1.35,0.34,1.63,0.39,2.05,0.68,1.35,0.29
ACX31973.pdb,1.42,0.84,1.55,0.96,1.59,1.09,1.54,1.73,1.37,0.95,1.55,1.73,1.3,1.38,1.49,1.4,1.35,0.0,1.39,1.74,1.42,0.16,1.54,0.91,1.41,1.76,1.39,0.79,1.54,1.73,1.31,1.74,1.5,0.81,1.54,0.83,1.48,0.81,1.54,1.11,1.43,1.1,1.54,0.78,1.59,0.79,1.42,1.17,1.67,0.13,1.52,0.81,1.52,0.12,1.53,1.76,1.4,0.83,1.44,0.8,1.53,1.09,1.52,0.77,1.59,1.75,1.26,1.77,1.42,0.97,1.55,1.03,1.62,1.71,1.52,0.12,1.53,1.11,1.54,1.77,1.36,0.18,1.52
ACX31973_cent.pdb,0.29,1.52,0.31,1.65,0.45,1.63,0.32,2.07,0.62,1.62,0.48,2.07,0.59,1.7,0.31,1.71,0.25,1.39,0.0,2.06,0.49,1.39,0.32,1.57,0.32,2.09,0.65,1.5,0.33,2.07,0.58,2.07,0.54,1.56,0.45,1.5,0.36,1.51,0.33,1.68,0.37,1.66,0.46,1.53,0.31,1.49,0.29,1.68,1.03,1.39,0.34,1.51,0.31,1.39,0.44,2.09,0.58,1.58,0.44,1.51,0.29,1.66,0.35,1.48,0.33,2.08,0.56,2.1,0.52,1.65,0.34,1.79,0.33,2.05,0.57,1.39,0.32,1.67,0.37,2.1,0.64,1.39,0.39
ACZ53978.pdb,2.12,1.88,2.09,1.95,2.11,1.96,2.09,0.18,2.04,1.87,2.1,0.17,1.98,1.6,2.04,1.59,2.03,1.74,2.06,0.0,1.98,1.74,2.08,1.89,2.11,0.18,2.05,1.84,2.1,0.17,1.98,1.55,2.09,1.93,2.22,1.85,2.16,1.83,2.09,1.82,2.13,1.85,2.09,1.92,2.14,1.83,2.06,1.99,2.36,1.73,2.07,1.84,2.15,1.74,2.1,0.2,2.14,1.91,2.1,1.85,2.09,1.82,2.11,1.88,2.15,0.13,2.0,0.25,1.95,1.85,2.12,1.8,2.12,1.62,2.07,1.74,2.12,1.85,2.13,0.17,2.08,1.74,2.09
ACZ53978_cent.pdb,0.6,1.39,0.55,1.5,0.68,1.51,0.56,1.99,0.44,1.46,0.71,1.99,0.4,1.72,0.64,1.73,0.63,1.42,0.49,1.98,0.0,1.43,0.57,1.4,0.57,2.01,0.44,1.34,0.56,1.98,0.35,2.09,0.45,1.43,0.63,1.47,0.58,1.34,0.57,1.62,0.57,1.62,0.57,1.41,0.56,1.36,0.59,1.55,1.15,1.42,0.53,1.33,0.56,1.42,0.59,2.02,0.35,1.43,0.76,1.34,0.55,1.61,0.58,1.35,0.76,2.0,0.37,2.02,0.27,1.49,0.72,1.67,0.61,1.99,0.44,1.42,0.56,1.62,0.59,2.02,0.45,1.42,0.53
ADF83650.pdb,1.43,0.83,1.55,0.95,1.59,1.08,1.55,1.73,1.38,0.93,1.55,1.74,1.31,1.42,1.51,1.43,1.36,0.16,1.39,1.74,1.43,0.0,1.55,0.9,1.54,1.76,1.41,0.79,1.54,1.73,1.45,1.75,1.5,0.78,1.54,0.82,1.61,0.8,1.54,1.11,1.57,1.1,1.55,0.76,1.59,0.79,1.42,1.14,1.66,0.14,1.52,0.79,1.52,0.12,1.53,1.76,1.41,0.82,1.56,0.79,1.53,1.09,1.52,0.77,1.58,1.75,1.29,1.76,1.43,0.96,1.55,1.01,1.62,1.73,1.52,0.15,1.53,1.11,1.55,1.77,1.37,0.19,1.53
ADF83650_cent.pdb,0.38,1.75,0.3,1.77,0.51,1.74,0.21,2.08,0.69,1.66,0.51,2.09,0.56,1.81,0.34,1.82,0.38,1.54,0.32,2.08,0.57,1.55,0.0,1.61,0.25,2.11,0.72,1.63,0.37,2.09,0.62,2.16,0.55,1.7,0.53,1.64,0.26,1.55,0.29,1.79,0.27,1.77,0.39,1.57,0.35,1.62,0.34,1.8,0.96,1.54,0.41,1.64,0.32,1.54,0.36,2.2,0.63,1.7,0.52,1.65,0.31,1.78,0.3,1.63,0.39,2.1,0.57,2.12,0.61,1.76,0.43,1.91,0.43,2.06,0.56,1.54,0.36,1.79,0.27,2.12,0.73,1.54,0.45
ADJ38087.pdb,1.61,0.58,1.59,0.42,1.67,0.7,1.61,1.89,1.46,0.69,1.59,1.9,1.41,1.55,1.59,1.56,1.55,0.91,1.57,1.89,1.4,0.9,1.61,0.0,1.6,1.92,1.49,0.42,1.61,1.89,1.4,1.81,1.57,0.47,1.71,0.48,1.68,0.41,1.6,1.02,1.63,1.01,1.61,0.52,1.64,0.55,1.59,1.03,1.8,0.9,1.57,0.44,1.7,0.9,1.58,1.92,1.49,0.49,1.61,0.42,1.61,0.99,1.59,0.56,1.62,1.91,1.38,1.92,1.39,0.7,1.61,1.14,1.65,1.81,1.6,0.91,1.69,1.01,1.62,1.93,1.45,0.9,1.59
ADJ38087_cent.pdb,0.35,1.55,0.26,1.68,0.58,1.65,0.2,2.11,0.71,1.64,0.55,2.12,0.59,1.81,0.36,1.82,0.38,1.41,0.32,2.11,0.57,1.54,0.25,1.6,0.0,2.14,0.73,1.53,0.31,2.12,0.62,2.18,0.59,1.58,0.5,1.53,0.29,1.54,0.27,1.7,0.25,1.67,0.44,1.55,0.32,1.51,0.33,1.72,0.93,1.42,0.45,1.54,0.36,1.54,0.39,2.15,0.6,1.6,0.55,1.55,0.34,1.68,0.23,1.51,0.34,2.13,0.55,2.15,0.63,1.67,0.44,1.8,0.42,2.07,0.58,1.41,0.36,1.79,0.28,2.16,0.73,1.54,0.46
ADJ41816.pdb,2.14,1.9,2.13,1.97,2.15,1.98,2.12,0.16,2.07,1.89,2.13,0.12,2.01,1.62,2.06,1.61,2.04,1.76,2.09,0.18,2.01,1.76,2.11,1.92,2.14,0.0,2.08,1.86,2.14,0.14,2.0,1.56,2.1,1.96,2.25,1.87,2.2,1.85,2.12,1.84,2.17,1.87,2.12,1.94,2.17,1.86,2.09,2.01,2.38,1.75,2.11,1.86,2.18,1.76,2.13,0.12,2.17,1.93,2.13,1.87,2.13,1.84,2.14,1.9,2.18,0.14,2.03,0.19,1.98,1.88,2.15,1.82,2.15,1.64,2.1,1.76,2.23,1.87,2.16,0.11,2.11,1.76,2.12
ADJ41816_cent.pdb,0.65,1.47,0.74,1.57,0.78,1.58,0.7,2.06,0.28,1.55,0.82,2.06,0.55,1.74,0.71,1.75,0.72,1.39,0.65,2.05,0.44,1.41,0.72,1.49,0.73,2.08,0.0,1.43,0.69,2.06,0.47,2.07,0.57,1.52,0.59,1.44,0.72,1.43,0.74,1.59,0.73,1.58,0.72,1.5,0.69,1.43,0.71,1.66,1.18,1.4,0.65,1.43,0.66,1.4,0.73,2.09,0.47,1.51,0.88,1.43,0.65,1.58,0.74,1.43,0.71,2.07,0.57,2.09,0.42,1.57,0.83,1.74,0.73,1.97,0.63,1.39,0.66,1.59,0.74,2.09,0.3,1.4,0.65
AEH42785.pdb,1.55,0.41,1.53,0.53,1.61,0.8,1.55,1.84,1.4,0.58,1.52,1.84,1.34,1.5,1.51,1.51,1.48,0.79,1.5,1.84,1.34,0.79,1.63,0.42,1.53,1.86,1.43,0.0,1.65,1.84,1.35,1.78,1.52,0.32,1.65,0.29,1.62,0.18,1.54,0.95,1.58,0.96,1.55,0.35,1.58,0.38,1.53,0.95,1.74,0.78,1.51,0.17,1.64,0.79,1.52,1.86,1.45,0.28,1.54,0.22,1.55,0.93,1.53,0.39,1.57,1.85,1.32,1.87,1.32,0.6,1.54,1.08,1.6,1.78,1.55,0.8,1.64,0.95,1.57,1.87,1.39,0.78,1.52
AEH42785_cent.pdb,0.35,1.66,0.32,1.7,0.56,1.66,0.32,2.11,0.67,1.65,0.55,2.12,0.7,1.77,0.33,1.78,0.35,1.54,0.33,2.1,0.56,1.54,0.37,1.61,0.31,2.14,0.69,1.65,0.0,2.11,0.62,2.16,0.62,1.69,0.43,1.63,0.42,1.65,0.34,1.77,0.32,1.75,0.52,1.56,0.3,1.53,0.36,1.73,0.99,1.54,0.46,1.64,0.29,1.54,0.5,2.14,0.57,1.62,0.57,1.56,0.32,1.76,0.31,1.63,0.26,2.13,0.63,2.15,0.63,1.67,0.44,1.82,0.39,2.07,0.66,1.54,0.24,1.76,0.39,2.15,0.7,1.54,0.44
AEM75523.pdb,2.12,1.88,2.1,1.95,2.12,1.96,2.1,0.12,2.05,1.86,2.11,0.11,1.99,1.61,2.05,1.6,2.03,1.73,2.07,0.17,1.98,1.73,2.09,1.89,2.12,0.14,2.06,1.84,2.11,0.0,1.98,1.54,2.09,1.93,2.22,1.84,2.17,1.83,2.09,1.81,2.14,1.84,2.1,1.91,2.15,1.83,2.06,1.98,2.37,1.73,2.08,1.84,2.16,1.73,2.11,0.15,2.13,1.91,2.11,1.84,2.1,1.81,2.11,1.81,2.16,0.17,2.01,0.21,1.96,1.85,2.13,1.79,2.12,1.61,2.08,1.73,2.2,1.84,2.14,0.14,2.08,1.73,2.09
AEM75523_cent.pdb,0.63,1.4,0.6,1.5,0.74,1.5,0.6,1.98,0.46,1.48,0.77,1.98,0.45,1.75,0.68,1.76,0.69,1.31,0.58,1.98,0.35,1.45,0.62,1.4,0.62,2.0,0.47,1.35,0.62,1.98,0.0,2.0,0.44,1.44,0.67,1.37,0.63,1.35,0.61,1.54,0.61,1.53,0.62,1.42,0.6,1.37,0.63,1.56,1.12,1.31,0.58,1.35,0.6,1.44,0.64,2.01,0.43,1.43,0.84,1.34,0.58,1.53,0.61,1.36,0.61,2.0,0.43,2.01,0.37,1.5,0.79,1.65,0.64,1.97,0.47,1.3,0.59,1.64,0.63,2.02,0.49,1.44,0.58
AET77666.pdb,2.1,1.86,2.17,1.86,2.08,1.89,2.15,1.54,2.07,1.81,2.08,1.54,2.1,1.49,2.12,1.47,2.06,1.74,2.07,1.55,2.09,1.75,2.16,1.81,2.18,1.56,2.07,1.78,2.16,1.54,2.0,0.0,2.11,1.85,2.12,1.81,2.08,1.8,2.17,1.85,2.18,1.85,2.17,1.83,2.09,1.75,2.09,1.85,2.24,1.72,2.17,1.78,2.15,1.73,2.17,1.56,2.12,1.81,2.08,1.78,2.16,1.84,2.17,1.77,2.17,1.57,2.02,1.57,2.09,1.8,2.09,1.75,2.17,0.84,2.08,1.73,2.16,1.87,2.18,1.57,2.07,1.74,2.16
AET77666_cent.pdb,0.62,1.57,0.58,1.65,0.71,1.53,0.57,2.09,0.56,1.61,0.73,2.09,0.4,1.73,0.53,1.74,0.53,1.5,0.54,2.09,0.45,1.5,0.55,1.57,0.59,2.1,0.57,1.52,0.62,2.09,0.44,2.11,0.0,1.59,0.69,1.53,0.57,1.51,0.6,1.66,0.59,1.67,0.6,1.58,0.57,1.53,0.6,1.74,1.08,1.5,0.54,1.51,0.59,1.49,0.59,2.1,0.55,1.59,0.78,1.51,0.57,1.66,0.58,1.54,0.58,2.09,0.48,2.1,0.38,1.63,0.77,1.77,0.61,2.0,0.48,1.49,0.58,1.68,0.6,2.11,0.59,1.5,0.57
AEX33924.pdb,1.6,0.4,1.58,0.5,1.67,0.6,1.6,1.94,1.5,0.57,1.58,1.94,1.44,1.5,1.57,1.51,1.54,0.81,1.56,1.93,1.43,0.78,1.7,0.47,1.58,1.96,1.52,0.32,1.69,1.93,1.44,1.85,1.59,0.0,1.68,0.49,1.66,0.33,1.59,1.02,1.62,1.01,1.61,0.23,1.53,0.47,1.58,0.95,1.74,0.8,1.57,0.32,1.69,0.8,1.58,1.96,1.53,0.24,1.51,0.34,1.6,0.99,1.67,0.46,1.61,1.95,1.43,1.96,1.42,0.6,1.61,1.12,1.54,1.86,1.62,0.8,1.68,1.01,1.61,1.97,1.49,0.81,1.59
AEX33924_cent.pdb,0.36,1.66,0.53,1.69,0.64,1.78,0.48,2.22,0.55,1.74,0.61,2.23,0.76,1.75,0.66,1.76,0.66,1.54,0.45,2.22,0.63,1.54,0.53,1.71,0.5,2.25,0.59,1.65,0.43,2.22,0.67,2.12,0.69,1.68,0.0,1.64,0.51,1.66,0.52,1.8,0.52,1.78,0.64,1.67,0.4,1.64,0.48,1.75,0.94,1.54,0.56,1.66,0.43,1.54,0.63,2.25,0.62,1.62,0.62,1.67,0.46,1.79,0.48,1.62,0.39,2.24,0.74,2.25,0.67,1.68,0.51,1.91,0.48,2.02,0.75,1.55,0.39,1.79,0.57,2.26,0.6,1.54,0.56
AFC98273.pdb,1.54,0.41,1.53,0.62,1.61,0.69,1.65,1.84,1.41,0.6,1.52,1.85,1.36,1.48,1.61,1.49,1.48,0.83,1.5,1.85,1.47,0.82,1.64,0.48,1.53,1.87,1.44,0.29,1.63,1.84,1.37,1.81,1.53,0.49,1.64,0.0,1.61,0.29,1.53,0.84,1.56,0.83,1.54,0.48,1.57,0.41,1.53,0.95,1.75,0.83,1.51,0.28,1.63,0.83,1.62,1.87,1.44,0.45,1.55,0.36,1.64,0.82,1.62,0.45,1.66,1.86,1.34,1.88,1.47,0.61,1.65,1.03,1.69,1.8,1.58,0.83,1.63,0.84,1.55,1.88,1.4,0.84,1.62
AFC98273_cent.pdb,0.4,1.63,0.36,1.66,0.55,1.75,0.25,2.17,0.71,1.72,0.59,2.18,0.56,1.77,0.62,1.79,0.63,1.48,0.36,2.16,0.58,1.61,0.26,1.68,0.29,2.2,0.72,1.62,0.42,2.17,0.63,2.08,0.57,1.66,0.51,1.61,0.0,1.62,0.34,1.77,0.28,1.76,0.48,1.63,0.35,1.6,0.38,1.72,0.93,1.49,0.49,1.62,0.39,1.6,0.42,2.2,0.61,1.59,0.61,1.63,0.37,1.76,0.38,1.5,0.4,2.18,0.55,2.2,0.62,1.65,0.51,1.86,0.47,1.98,0.58,1.48,0.41,1.87,0.47,2.21,0.74,1.61,0.51
AFL56810.pdb,1.55,0.42,1.54,0.53,1.62,0.79,1.56,1.83,1.4,0.58,1.53,1.83,1.33,1.48,1.52,1.5,1.48,0.81,1.51,1.83,1.34,0.8,1.55,0.41,1.54,1.85,1.43,0.18,1.65,1.83,1.35,1.8,1.51,0.33,1.66,0.29,1.62,0.0,1.55,0.92,1.58,0.92,1.55,0.36,1.59,0.42,1.54,0.97,1.75,0.81,1.51,0.21,1.65,0.81,1.52,1.86,1.44,0.31,1.55,0.28,1.56,0.89,1.54,0.4,1.57,1.84,1.32,1.86,1.45,0.57,1.55,1.07,1.61,1.79,1.55,0.81,1.65,0.91,1.57,1.86,1.39,0.8,1.53
AFL56810_cent.pdb,0.37,1.56,0.25,1.69,0.49,1.66,0.27,2.09,0.71,1.65,0.51,2.1,0.62,1.81,0.37,1.82,0.38,1.54,0.33,2.09,0.57,1.54,0.29,1.6,0.27,2.12,0.74,1.54,0.34,2.09,0.61,2.17,0.6,1.59,0.52,1.53,0.34,1.55,0.0,1.79,0.28,1.67,0.36,1.56,0.39,1.52,0.35,1.73,0.99,1.54,0.36,1.54,0.39,1.53,0.33,2.12,0.6,1.61,0.49,1.55,0.31,1.68,0.34,1.52,0.35,2.11,0.57,2.13,0.64,1.68,0.41,1.81,0.43,2.07,0.53,1.53,0.39,1.79,0.4,2.13,0.74,1.54,0.39
AFM46517.pdb,1.7,0.87,1.7,0.97,1.87,1.02,1.81,1.81,1.55,0.76,1.77,1.82,1.53,1.46,1.75,1.49,1.64,1.11,1.68,1.82,1.62,1.11,1.79,1.02,1.7,1.84,1.59,0.95,1.77,1.81,1.54,1.85,1.66,1.02,1.8,0.84,1.77,0.92,1.79,0.0,1.72,0.2,1.8,0.99,1.83,0.94,1.7,1.29,1.9,1.12,1.67,0.92,1.8,1.11,1.77,1.84,1.58,0.97,1.71,0.95,1.81,0.14,1.78,0.95,1.81,1.83,1.51,1.86,1.63,0.7,1.8,0.98,1.85,1.82,1.71,1.11,1.78,0.13,1.81,1.85,1.55,1.12,1.77
AFM46517_cent.pdb,0.36,1.59,0.29,1.72,0.56,1.68,0.24,2.13,0.71,1.68,0.61,2.14,0.63,1.69,0.35,1.82,0.39,1.43,0.37,2.13,0.57,1.57,0.27,1.63,0.25,2.17,0.73,1.58,0.32,2.14,0.61,2.18,0.59,1.62,0.52,1.56,0.28,1.58,0.28,1.72,0.0,1.69,0.48,1.59,0.33,1.55,0.36,1.75,0.98,1.44,0.47,1.58,0.36,1.56,0.43,2.17,0.57,1.64,0.64,1.58,0.34,1.71,0.3,1.54,0.35,2.16,0.56,2.18,0.65,1.7,0.53,1.82,0.41,2.07,0.61,1.55,0.31,1.72,0.36,2.18,0.72,1.56,0.48
AFM46639.pdb,1.67,0.86,1.68,0.96,1.77,1.0,1.79,1.84,1.55,0.78,1.66,1.85,1.53,1.45,1.73,1.47,1.62,1.1,1.66,1.85,1.62,1.1,1.77,1.01,1.67,1.87,1.58,0.96,1.75,1.84,1.53,1.85,1.67,1.01,1.78,0.83,1.76,0.92,1.67,0.2,1.69,0.0,1.67,0.98,1.72,0.93,1.68,1.29,1.87,1.11,1.65,0.93,1.77,1.1,1.75,1.88,1.57,0.95,1.71,0.96,1.78,0.17,1.76,0.93,1.79,1.86,1.5,1.89,1.63,0.71,1.8,0.97,1.84,1.83,1.72,1.1,1.75,0.15,1.68,1.88,1.54,1.11,1.76
AFM46639_cent.pdb,0.39,1.56,0.46,1.7,0.47,1.67,0.42,2.09,0.7,1.66,0.44,2.1,0.59,1.81,0.38,1.82,0.42,1.54,0.46,2.09,0.57,1.55,0.39,1.61,0.44,2.12,0.72,1.55,0.52,2.1,0.62,2.17,0.6,1.61,0.64,1.54,0.48,1.55,0.36,1.8,0.48,1.67,0.0,1.57,0.56,1.53,0.49,1.73,0.98,1.55,0.33,1.55,0.54,1.54,0.24,2.13,0.62,1.62,0.48,1.56,0.45,1.68,0.51,1.53,0.55,2.11,0.55,2.14,0.62,1.68,0.47,1.82,0.56,2.09,0.55,1.54,0.52,1.79,0.51,2.14,0.72,1.54,0.32
AFM46643.pdb,1.57,0.43,1.55,0.55,1.64,0.63,1.57,1.91,1.49,0.58,1.55,1.92,1.42,1.43,1.54,1.44,1.51,0.78,1.53,1.92,1.41,0.76,1.57,0.52,1.55,1.94,1.5,0.35,1.56,1.91,1.42,1.83,1.58,0.23,1.67,0.48,1.63,0.36,1.56,0.99,1.59,0.98,1.57,0.0,1.49,0.5,1.55,0.99,1.72,0.77,1.54,0.36,1.66,0.77,1.55,1.94,1.51,0.28,1.48,0.41,1.57,0.96,1.54,0.45,1.58,1.93,1.4,1.95,1.41,0.6,1.58,1.15,1.52,1.86,1.61,0.78,1.66,0.99,1.58,1.95,1.48,0.79,1.55
AFM46643_cent.pdb,0.35,1.6,0.36,1.62,0.55,1.71,0.33,2.15,0.65,1.58,0.54,2.16,0.64,1.85,0.56,1.87,0.56,1.59,0.31,2.14,0.56,1.59,0.35,1.64,0.32,2.17,0.69,1.58,0.3,2.15,0.6,2.09,0.57,1.53,0.4,1.57,0.35,1.59,0.39,1.83,0.33,1.72,0.56,1.49,0.0,1.57,0.3,1.68,0.9,1.59,0.47,1.59,0.29,1.59,0.51,2.18,0.59,1.54,0.55,1.6,0.34,1.82,0.3,1.45,0.24,2.16,0.63,2.18,0.61,1.61,0.43,1.84,0.37,2.06,0.66,1.59,0.3,1.83,0.4,2.18,0.69,1.59,0.49
AFM93986.pdb,1.53,0.53,1.52,0.64,1.6,0.84,1.53,1.83,1.41,0.54,1.5,1.83,1.34,1.48,1.49,1.49,1.46,0.79,1.49,1.83,1.36,0.79,1.62,0.55,1.51,1.86,1.43,0.38,1.53,1.83,1.37,1.75,1.53,0.47,1.64,0.41,1.6,0.42,1.52,0.94,1.55,0.93,1.53,0.5,1.57,0.0,1.51,0.85,1.72,0.79,1.49,0.36,1.63,0.79,1.5,1.86,1.44,0.46,1.54,0.33,1.53,0.92,1.5,0.41,1.55,1.85,1.33,1.87,1.33,0.63,1.54,1.06,1.59,1.73,1.57,0.8,1.62,0.93,1.54,1.86,1.39,0.79,1.51
AFM93986_cent.pdb,0.38,1.55,0.36,1.68,0.5,1.65,0.32,2.06,0.66,1.64,0.52,2.07,0.64,1.69,0.37,1.7,0.33,1.42,0.29,2.06,0.59,1.42,0.34,1.59,0.33,2.09,0.71,1.53,0.36,2.06,0.63,2.09,0.6,1.58,0.48,1.53,0.38,1.54,0.35,1.7,0.36,1.68,0.49,1.55,0.3,1.51,0.0,1.73,1.01,1.42,0.39,1.54,0.3,1.42,0.45,2.09,0.66,1.6,0.5,1.55,0.31,1.69,0.38,1.51,0.33,2.08,0.64,2.1,0.61,1.67,0.42,1.8,0.39,1.98,0.59,1.42,0.38,1.7,0.45,2.1,0.71,1.42,0.44
AGA19337.pdb,1.7,1.05,1.7,1.09,1.75,1.13,1.73,1.99,1.63,0.98,1.66,1.99,1.56,2.05,1.95,2.06,1.91,1.17,1.68,1.99,1.55,1.14,1.8,1.03,1.72,2.01,1.66,0.95,1.73,1.98,1.56,1.85,1.74,0.95,1.75,0.95,1.72,0.97,1.73,1.29,1.75,1.29,1.73,0.99,1.68,0.85,1.73,0.0,1.8,1.16,1.7,0.91,1.72,1.16,1.7,2.0,1.55,0.97,1.66,0.93,1.73,1.25,1.69,0.93,1.68,2.0,1.54,2.0,1.55,1.07,1.68,1.23,1.65,1.89,1.77,1.16,1.73,1.28,1.75,2.01,1.63,1.17,1.72
AGA19337_cent.pdb,1.02,1.75,0.96,1.82,1.04,1.82,0.93,2.37,1.16,1.8,0.96,2.37,1.12,2.09,1.17,2.2,1.18,1.67,1.03,2.36,1.15,1.66,0.96,1.8,0.93,2.38,1.18,1.74,0.99,2.37,1.12,2.24,1.08,1.74,0.94,1.75,0.93,1.75,0.99,1.9,0.98,1.87,0.98,1.72,0.9,1.72,1.01,1.8,0.0,1.66,1.05,1.75,0.95,1.66,1.0,2.39,1.13,1.75,1.01,1.76,0.98,1.88,0.88,1.67,0.93,2.37,1.12,2.39,1.15,1.81,0.97,1.93,0.97,2.18,1.09,1.66,0.98,1.89,0.94,2.39,1.2,1.67,1.05
AGB84799.pdb,1.43,0.83,1.55,0.96,1.59,1.08,1.54,1.73,1.37,0.94,1.55,1.73,1.3,1.4,1.5,1.41,1.35,0.13,1.39,1.73,1.42,0.14,1.54,0.9,1.42,1.75,1.4,0.78,1.54,1.73,1.31,1.72,1.5,0.8,1.54,0.83,1.49,0.81,1.54,1.12,1.44,1.11,1.55,0.77,1.59,0.79,1.42,1.16,1.66,0.0,1.52,0.79,1.52,0.1,1.53,1.75,1.41,0.81,1.44,0.79,1.53,1.09,1.52,0.77,1.59,1.75,1.27,1.76,1.42,0.96,1.55,1.02,1.62,1.71,1.52,0.12,1.53,1.12,1.55,1.76,1.36,0.16,1.53
AGB84799_cent.pdb,0.33,1.52,0.44,1.66,0.27,1.63,0.44,2.08,0.62,1.64,0.35,2.09,0.61,1.7,0.3,1.71,0.29,1.52,0.34,2.07,0.53,1.52,0.41,1.57,0.45,2.11,0.65,1.51,0.46,2.08,0.58,2.17,0.54,1.57,0.56,1.51,0.49,1.51,0.36,1.67,0.47,1.65,0.33,1.54,0.47,1.49,0.39,1.7,1.05,1.52,0.0,1.51,0.42,1.52,0.31,2.11,0.59,1.58,0.37,1.52,0.29,1.66,0.5,1.49,0.47,2.1,0.59,2.12,0.54,1.65,0.33,1.79,0.47,2.08,0.56,1.52,0.44,1.77,0.47,2.12,0.64,1.51,0.21
AGB84833.pdb,1.55,0.42,1.54,0.57,1.61,0.81,1.56,1.84,1.4,0.56,1.52,1.85,1.34,1.5,1.52,1.52,1.48,0.81,1.51,1.84,1.33,0.79,1.64,0.44,1.54,1.86,1.43,0.17,1.64,1.84,1.35,1.78,1.51,0.32,1.66,0.28,1.62,0.21,1.54,0.92,1.58,0.93,1.55,0.36,1.59,0.36,1.54,0.91,1.75,0.79,1.51,0.0,1.65,0.8,1.52,1.86,1.43,0.27,1.55,0.18,1.55,0.9,1.53,0.4,1.57,1.86,1.32,1.87,1.45,0.57,1.55,1.08,1.6,1.78,1.55,0.8,1.64,0.92,1.57,1.87,1.39,0.8,1.52
AGB84833_cent.pdb,0.35,1.66,0.39,1.78,0.52,1.76,0.3,2.15,0.63,1.74,0.56,2.16,0.64,1.79,0.29,1.8,0.34,1.52,0.31,2.15,0.56,1.52,0.32,1.7,0.36,2.18,0.66,1.64,0.29,2.16,0.6,2.15,0.59,1.69,0.43,1.63,0.39,1.65,0.39,1.8,0.36,1.77,0.54,1.66,0.29,1.63,0.3,1.72,0.95,1.52,0.42,1.65,0.0,1.52,0.49,2.18,0.6,1.71,0.57,1.66,0.25,1.78,0.36,1.63,0.32,2.17,0.63,2.19,0.59,1.77,0.43,1.88,0.36,2.04,0.63,1.52,0.26,1.79,0.48,2.19,0.7,1.52,0.43
AGH25310.pdb,1.42,0.84,1.55,0.96,1.59,1.08,1.54,1.73,1.37,0.94,1.55,1.74,1.31,1.39,1.5,1.4,1.35,0.12,1.39,1.74,1.42,0.12,1.54,0.9,1.54,1.76,1.4,0.79,1.54,1.73,1.44,1.73,1.49,0.8,1.54,0.83,1.6,0.81,1.53,1.11,1.56,1.1,1.54,0.77,1.59,0.79,1.42,1.16,1.66,0.1,1.52,0.8,1.52,0.0,1.52,1.76,1.4,0.82,1.56,0.8,1.53,1.09,1.52,0.77,1.58,1.76,1.27,1.77,1.42,0.97,1.55,1.02,1.61,1.71,1.52,0.1,1.52,1.11,1.54,1.77,1.36,0.16,1.52
AGH25310_cent.pdb,0.35,1.53,0.42,1.67,0.39,1.64,0.38,2.1,0.72,1.64,0.42,2.11,0.58,1.81,0.36,1.83,0.38,1.53,0.44,2.1,0.59,1.53,0.36,1.58,0.39,2.13,0.73,1.52,0.5,2.11,0.64,2.17,0.59,1.58,0.63,1.62,0.42,1.52,0.33,1.77,0.43,1.75,0.24,1.55,0.51,1.5,0.45,1.7,1.0,1.53,0.31,1.52,0.49,1.52,0.0,2.14,0.62,1.6,0.48,1.53,0.4,1.76,0.46,1.49,0.52,2.12,0.57,2.14,0.64,1.65,0.44,1.79,0.55,2.09,0.56,1.53,0.51,1.77,0.42,2.14,0.74,1.52,0.3
AGI02552.pdb,2.15,1.91,2.13,1.98,2.15,1.99,2.13,0.19,2.07,1.89,2.13,0.15,2.02,1.64,2.07,1.63,2.05,1.76,2.09,0.2,2.02,1.76,2.2,1.92,2.15,0.12,2.09,1.86,2.14,0.15,2.01,1.56,2.1,1.96,2.25,1.87,2.2,1.86,2.12,1.84,2.17,1.88,2.13,1.94,2.18,1.86,2.09,2.0,2.39,1.75,2.11,1.86,2.18,1.76,2.14,0.0,2.17,1.94,2.13,1.87,2.13,1.84,2.22,1.9,2.19,0.18,2.04,0.17,1.99,1.88,2.15,1.82,2.15,1.64,2.1,1.76,2.23,1.87,2.17,0.11,2.11,1.76,2.13
AGI02552_cent.pdb,0.59,1.49,0.6,1.59,0.76,1.59,0.6,2.14,0.48,1.56,0.78,2.14,0.52,1.75,0.63,1.76,0.65,1.4,0.58,2.14,0.35,1.41,0.63,1.49,0.6,2.17,0.47,1.45,0.57,2.13,0.43,2.12,0.55,1.53,0.62,1.44,0.61,1.44,0.6,1.58,0.57,1.57,0.62,1.51,0.59,1.44,0.66,1.55,1.13,1.41,0.59,1.43,0.6,1.4,0.62,2.17,0.0,1.53,0.83,1.44,0.58,1.57,0.59,1.44,0.77,2.16,0.46,2.17,0.45,1.57,0.8,1.74,0.64,2.01,0.59,1.39,0.55,1.57,0.59,2.18,0.46,1.4,0.56
AGI55453.pdb,1.62,0.39,1.6,0.51,1.69,0.6,1.62,1.91,1.48,0.55,1.6,1.92,1.42,1.56,1.58,1.57,1.55,0.83,1.58,1.91,1.43,0.82,1.7,0.49,1.6,1.93,1.51,0.28,1.62,1.91,1.43,1.81,1.59,0.24,1.62,0.45,1.59,0.31,1.61,0.97,1.64,0.95,1.62,0.28,1.54,0.46,1.6,0.97,1.75,0.81,1.58,0.27,1.71,0.82,1.6,1.94,1.53,0.0,1.53,0.33,1.62,0.94,1.59,0.46,1.54,1.92,1.41,1.94,1.42,0.54,1.53,1.1,1.56,1.83,1.63,0.83,1.7,0.96,1.63,1.94,1.48,0.84,1.6
AGI55453_cent.pdb,0.67,1.56,0.5,1.6,0.49,1.7,0.58,2.11,0.85,1.56,0.38,2.12,0.82,1.79,0.63,1.8,0.58,1.44,0.44,2.1,0.76,1.56,0.52,1.61,0.55,2.13,0.88,1.54,0.57,2.11,0.84,2.08,0.78,1.51,0.62,1.55,0.61,1.55,0.49,1.71,0.64,1.71,0.48,1.48,0.55,1.54,0.5,1.66,1.01,1.44,0.37,1.55,0.57,1.56,0.48,2.13,0.83,1.53,0.0,1.56,0.49,1.7,0.59,1.43,0.53,2.12,0.81,2.13,0.75,1.59,0.29,1.83,0.57,2.01,0.6,1.57,0.58,1.81,0.59,2.14,0.86,1.56,0.42
AGL04214.pdb,1.56,0.44,1.55,0.57,1.62,0.81,1.56,1.85,1.41,0.57,1.53,1.85,1.34,1.52,1.53,1.54,1.49,0.8,1.51,1.85,1.34,0.79,1.65,0.42,1.55,1.87,1.43,0.22,1.56,1.84,1.34,1.78,1.51,0.34,1.67,0.36,1.63,0.28,1.55,0.95,1.58,0.96,1.56,0.41,1.6,0.33,1.55,0.93,1.76,0.79,1.52,0.18,1.66,0.8,1.53,1.87,1.44,0.33,1.56,0.0,1.56,0.93,1.54,0.4,1.58,1.87,1.32,1.88,1.32,0.6,1.56,1.07,1.61,1.77,1.55,0.8,1.65,0.95,1.57,1.88,1.39,0.79,1.53
AGL04214_cent.pdb,0.36,1.66,0.35,1.69,0.41,1.66,0.3,2.1,0.64,1.66,0.48,2.11,0.64,1.81,0.31,1.83,0.36,1.53,0.29,2.09,0.55,1.53,0.31,1.61,0.34,2.13,0.65,1.55,0.32,2.1,0.58,2.16,0.57,1.6,0.46,1.64,0.37,1.56,0.31,1.81,0.34,1.78,0.45,1.57,0.34,1.53,0.31,1.73,0.98,1.53,0.29,1.55,0.25,1.53,0.4,2.13,0.58,1.62,0.49,1.56,0.0,1.79,0.4,1.53,0.35,2.11,0.6,2.14,0.58,1.69,0.37,1.81,0.39,2.06,0.56,1.53,0.29,1.8,0.48,2.14,0.67,1.53,0.33
AGL05056.pdb,1.69,0.85,1.69,0.95,1.86,1.0,1.8,1.81,1.54,0.74,1.76,1.82,1.52,1.47,1.74,1.49,1.62,1.09,1.66,1.82,1.61,1.09,1.78,0.99,1.68,1.84,1.58,0.93,1.76,1.81,1.53,1.84,1.66,0.99,1.79,0.82,1.76,0.89,1.68,0.14,1.71,0.17,1.68,0.96,1.82,0.92,1.69,1.25,1.88,1.09,1.66,0.9,1.78,1.09,1.76,1.84,1.57,0.94,1.7,0.93,1.79,0.0,1.76,0.92,1.79,1.83,1.5,1.86,1.62,0.69,1.79,0.96,1.84,1.82,1.71,1.09,1.77,0.11,1.7,1.85,1.54,1.1,1.76
AGL05056_cent.pdb,0.38,1.64,0.3,1.67,0.65,1.64,0.29,2.11,0.7,1.63,0.57,2.12,0.63,1.73,0.34,1.75,0.38,1.52,0.35,2.11,0.58,1.52,0.3,1.59,0.23,2.14,0.74,1.53,0.31,2.11,0.61,2.17,0.58,1.67,0.48,1.62,0.38,1.54,0.34,1.78,0.3,1.76,0.51,1.54,0.3,1.5,0.38,1.69,0.88,1.52,0.5,1.53,0.36,1.52,0.46,2.22,0.59,1.59,0.59,1.54,0.4,1.76,0.0,1.61,0.31,2.13,0.6,2.14,0.65,1.66,0.48,1.9,0.38,2.06,0.63,1.52,0.32,1.77,0.27,2.15,0.74,1.52,0.5
AGO00337.pdb,1.52,0.42,1.52,0.65,1.59,0.68,1.53,1.87,1.42,0.59,1.48,1.88,1.35,1.41,1.48,1.43,1.45,0.77,1.48,1.88,1.35,0.77,1.63,0.56,1.51,1.9,1.43,0.39,1.63,1.81,1.36,1.77,1.54,0.46,1.62,0.45,1.5,0.4,1.52,0.95,1.54,0.93,1.53,0.45,1.45,0.41,1.51,0.93,1.67,0.77,1.49,0.4,1.63,0.77,1.49,1.9,1.44,0.46,1.43,0.4,1.53,0.92,1.61,0.0,1.53,1.89,1.34,1.91,1.34,0.61,1.52,1.1,1.48,1.77,1.57,0.77,1.61,0.94,1.54,1.91,1.4,0.76,1.5
AGO00337_cent.pdb,0.35,1.58,0.32,1.62,0.58,1.7,0.35,2.16,0.66,1.67,0.53,2.17,0.69,1.85,0.57,1.86,0.56,1.59,0.33,2.15,0.76,1.58,0.39,1.62,0.34,2.18,0.71,1.57,0.26,2.16,0.61,2.17,0.58,1.61,0.39,1.66,0.4,1.57,0.35,1.81,0.35,1.79,0.55,1.58,0.24,1.55,0.33,1.68,0.93,1.59,0.47,1.57,0.32,1.58,0.52,2.19,0.77,1.54,0.53,1.58,0.35,1.79,0.31,1.53,0.0,2.18,0.82,2.19,0.81,1.6,0.43,1.84,0.37,2.08,0.66,1.58,0.29,1.8,0.42,2.2,0.7,1.58,0.48
AGZ60571.pdb,2.14,1.89,2.12,1.96,2.14,1.97,2.11,0.19,2.06,1.88,2.12,0.16,2.0,1.62,2.05,1.61,2.03,1.75,2.08,0.13,2.0,1.75,2.1,1.91,2.13,0.14,2.07,1.85,2.13,0.17,2.0,1.57,2.09,1.95,2.24,1.86,2.18,1.84,2.11,1.83,2.16,1.86,2.11,1.93,2.16,1.85,2.08,2.0,2.37,1.75,2.1,1.86,2.17,1.76,2.12,0.18,2.16,1.92,2.12,1.87,2.11,1.83,2.13,1.89,2.18,0.0,2.03,0.24,1.97,1.87,2.14,1.82,2.14,1.64,2.09,1.76,2.14,1.86,2.16,0.14,2.1,1.76,2.11
AGZ60571_cent.pdb,0.62,1.37,0.55,1.48,0.74,1.48,0.54,2.01,0.58,1.45,0.77,2.01,0.39,1.68,0.64,1.69,0.65,1.26,0.56,2.0,0.37,1.29,0.57,1.38,0.55,2.03,0.57,1.32,0.63,2.01,0.43,2.02,0.48,1.43,0.74,1.34,0.55,1.32,0.57,1.51,0.56,1.5,0.55,1.4,0.63,1.33,0.64,1.54,1.12,1.27,0.59,1.32,0.63,1.27,0.57,2.04,0.46,1.41,0.81,1.32,0.6,1.5,0.6,1.34,0.82,2.03,0.0,2.04,0.38,1.47,0.78,1.62,0.66,2.02,0.44,1.26,0.63,1.51,0.57,2.05,0.54,1.27,0.59
AHB22615.pdb,2.15,1.91,2.13,1.98,2.15,1.99,2.13,0.24,2.08,1.89,2.14,0.23,2.02,1.68,2.08,1.67,2.06,1.77,2.1,0.25,2.02,1.76,2.12,1.92,2.15,0.19,2.09,1.87,2.15,0.21,2.01,1.57,2.1,1.96,2.25,1.88,2.2,1.86,2.13,1.86,2.18,1.89,2.14,1.95,2.18,1.87,2.1,2.0,2.39,1.76,2.12,1.87,2.19,1.77,2.14,0.17,2.17,1.94,2.13,1.88,2.14,1.86,2.14,1.91,2.19,0.24,2.04,0.0,1.99,1.89,2.15,1.83,2.15,1.65,2.09,1.77,2.23,1.89,2.18,0.19,2.12,1.77,2.13
AHB22615_cent.pdb,0.64,1.38,0.61,1.49,0.68,1.5,0.61,1.96,0.42,1.46,0.72,1.97,0.37,1.79,0.62,1.8,0.6,1.42,0.52,1.95,0.27,1.43,0.61,1.39,0.63,1.98,0.42,1.32,0.63,1.96,0.37,2.09,0.38,1.42,0.67,1.47,0.62,1.45,0.64,1.63,0.65,1.63,0.62,1.41,0.61,1.33,0.61,1.55,1.15,1.42,0.54,1.45,0.59,1.42,0.64,1.99,0.45,1.42,0.75,1.32,0.58,1.62,0.65,1.34,0.81,1.97,0.38,1.99,0.0,1.48,0.73,1.75,0.64,2.0,0.46,1.42,0.61,1.63,0.66,1.99,0.43,1.42,0.56
AHD25285.pdb,1.68,0.45,1.67,0.61,1.75,0.55,1.68,1.85,1.54,0.31,1.66,1.86,1.49,1.53,1.65,1.55,1.62,0.97,1.65,1.85,1.49,0.96,1.76,0.7,1.67,1.88,1.57,0.6,1.67,1.85,1.5,1.8,1.63,0.6,1.68,0.61,1.65,0.57,1.68,0.7,1.7,0.71,1.68,0.6,1.61,0.63,1.67,1.07,1.81,0.96,1.65,0.57,1.77,0.97,1.65,1.88,1.57,0.54,1.59,0.6,1.69,0.69,1.66,0.61,1.6,1.87,1.47,1.89,1.48,0.0,1.6,0.93,1.71,1.81,1.68,0.97,1.75,0.7,1.69,1.88,1.53,0.98,1.66
AHD25285_cent.pdb,0.63,1.56,0.43,1.61,0.46,1.7,0.46,2.13,0.81,1.57,0.4,2.14,0.8,1.8,0.59,1.81,0.57,1.55,0.34,2.12,0.72,1.55,0.43,1.61,0.44,2.15,0.83,1.54,0.44,2.13,0.79,2.09,0.77,1.61,0.51,1.65,0.51,1.55,0.41,1.8,0.53,1.8,0.47,1.58,0.43,1.54,0.42,1.68,0.97,1.55,0.33,1.55,0.43,1.55,0.44,2.15,0.8,1.53,0.29,1.56,0.37,1.79,0.48,1.52,0.43,2.14,0.78,2.15,0.73,1.6,0.0,1.92,0.48,2.07,0.56,1.56,0.46,1.8,0.51,2.16,0.84,1.55,0.36
AHN96842.pdb,1.77,0.98,1.81,1.11,1.86,1.07,1.91,1.8,1.7,0.97,1.82,1.8,1.66,1.59,1.81,1.6,1.68,1.03,1.79,1.8,1.67,1.01,1.91,1.14,1.8,1.82,1.74,1.08,1.82,1.79,1.65,1.75,1.77,1.12,1.91,1.03,1.86,1.07,1.81,0.98,1.82,0.97,1.82,1.15,1.84,1.06,1.8,1.23,1.93,1.02,1.79,1.08,1.88,1.02,1.79,1.82,1.74,1.1,1.83,1.07,1.81,0.96,1.9,1.1,1.84,1.82,1.62,1.83,1.75,0.93,1.92,0.0,1.79,1.78,1.84,1.02,1.9,0.98,1.82,1.83,1.69,1.04,1.9
AHN96842_cent.pdb,0.4,1.61,0.42,1.72,0.58,1.63,0.41,2.12,0.68,1.6,0.6,2.13,0.71,1.72,0.38,1.73,0.35,1.62,0.33,2.12,0.61,1.62,0.43,1.65,0.42,2.15,0.73,1.6,0.39,2.12,0.64,2.17,0.61,1.54,0.48,1.69,0.47,1.61,0.43,1.85,0.41,1.84,0.56,1.52,0.37,1.59,0.39,1.65,0.97,1.62,0.47,1.6,0.36,1.61,0.55,2.15,0.64,1.56,0.57,1.61,0.39,1.84,0.38,1.48,0.37,2.14,0.66,2.15,0.64,1.71,0.48,1.79,0.0,2.07,0.68,1.62,0.35,1.85,0.41,2.16,0.72,1.61,0.5
AHN97094.pdb,2.06,1.84,2.08,1.87,2.09,1.9,2.05,1.61,1.98,1.83,2.08,1.62,2.0,1.43,2.12,1.42,2.06,1.71,2.05,1.62,1.99,1.73,2.06,1.81,2.07,1.64,1.97,1.78,2.07,1.61,1.97,0.84,2.0,1.86,2.02,1.8,1.98,1.79,2.07,1.82,2.07,1.83,2.09,1.86,2.06,1.73,1.98,1.89,2.18,1.71,2.08,1.78,2.04,1.71,2.09,1.64,2.01,1.83,2.01,1.77,2.06,1.82,2.06,1.77,2.08,1.64,2.02,1.65,2.0,1.81,2.07,1.78,2.07,0.0,2.05,1.71,2.05,1.85,2.07,1.65,1.97,1.72,2.09
AHN97094_cent.pdb,0.73,1.6,0.57,1.7,0.57,1.71,0.57,2.08,0.63,1.66,0.62,2.08,0.45,1.73,0.87,1.74,0.66,1.52,0.57,2.07,0.44,1.52,0.56,1.6,0.58,2.1,0.63,1.55,0.66,2.08,0.47,2.08,0.48,1.62,0.75,1.58,0.58,1.55,0.53,1.71,0.61,1.72,0.55,1.61,0.66,1.57,0.59,1.77,1.09,1.52,0.56,1.55,0.63,1.52,0.56,2.1,0.59,1.63,0.6,1.55,0.56,1.71,0.63,1.57,0.66,2.09,0.44,2.09,0.46,1.68,0.56,1.84,0.68,2.05,0.0,1.52,0.67,1.72,0.62,2.11,0.65,1.52,0.6
AHY95115.pdb,1.42,0.84,1.55,0.97,1.59,1.08,1.54,1.74,1.37,0.95,1.55,1.74,1.3,1.4,1.5,1.41,1.35,0.12,1.39,1.74,1.42,0.15,1.54,0.91,1.41,1.76,1.39,0.8,1.54,1.73,1.3,1.73,1.49,0.8,1.55,0.83,1.48,0.81,1.53,1.11,1.55,1.1,1.54,0.78,1.59,0.8,1.42,1.16,1.66,0.12,1.52,0.8,1.52,0.1,1.53,1.76,1.39,0.83,1.57,0.8,1.53,1.09,1.52,0.77,1.58,1.76,1.26,1.77,1.42,0.97,1.56,1.02,1.62,1.71,1.52,0.0,1.52,1.11,1.54,1.77,1.35,0.18,1.52
AHY95115_cent.pdb,0.3,1.65,0.38,1.85,0.54,1.74,0.33,2.2,0.64,1.74,0.55,2.21,0.69,1.79,0.28,1.8,0.34,1.53,0.32,2.12,0.56,1.53,0.36,1.69,0.36,2.23,0.66,1.64,0.24,2.2,0.59,2.16,0.58,1.68,0.39,1.63,0.41,1.65,0.39,1.78,0.31,1.75,0.52,1.66,0.3,1.62,0.38,1.73,0.98,1.53,0.44,1.64,0.26,1.52,0.51,2.23,0.55,1.7,0.58,1.65,0.29,1.77,0.32,1.61,0.29,2.14,0.63,2.23,0.61,1.75,0.46,1.9,0.35,2.05,0.67,1.52,0.0,1.77,0.32,2.24,0.65,1.53,0.43
AIC73740.pdb,1.69,0.86,1.8,0.96,1.87,1.01,1.8,1.84,1.55,0.77,1.77,1.84,1.53,1.48,1.75,1.5,1.63,1.11,1.67,1.85,1.62,1.11,1.79,1.01,1.79,1.87,1.59,0.95,1.76,1.84,1.64,1.87,1.68,1.01,1.79,0.84,1.87,0.91,1.79,0.13,1.72,0.15,1.79,0.99,1.83,0.93,1.7,1.28,1.89,1.12,1.77,0.92,1.79,1.11,1.77,1.87,1.57,0.96,1.81,0.95,1.8,0.11,1.77,0.94,1.8,1.86,1.51,1.89,1.63,0.7,1.8,0.98,1.85,1.85,1.72,1.11,1.77,0.0,1.8,1.88,1.55,1.12,1.77
AIC73740_cent.pdb,0.38,1.58,0.38,1.71,0.68,1.67,0.37,2.13,0.71,1.67,0.59,2.14,0.62,1.81,0.34,1.82,0.39,1.54,0.37,2.13,0.59,1.55,0.27,1.62,0.28,2.16,0.74,1.57,0.39,2.14,0.63,2.18,0.6,1.61,0.57,1.55,0.47,1.57,0.4,1.81,0.36,1.68,0.51,1.58,0.4,1.54,0.45,1.75,0.94,1.55,0.47,1.57,0.48,1.54,0.42,2.17,0.59,1.63,0.59,1.57,0.48,1.7,0.27,1.54,0.42,2.16,0.57,2.18,0.66,1.69,0.51,1.82,0.41,2.07,0.62,1.54,0.32,1.8,0.0,2.18,0.73,1.54,0.48
CAA29337.pdb,2.16,1.91,2.14,1.98,2.16,1.99,2.14,0.16,2.08,1.89,2.14,0.14,2.02,1.63,2.07,1.63,2.05,1.77,2.1,0.17,2.02,1.77,2.12,1.93,2.16,0.11,2.09,1.87,2.15,0.14,2.02,1.57,2.11,1.97,2.26,1.88,2.21,1.86,2.13,1.85,2.18,1.88,2.14,1.95,2.18,1.86,2.1,2.01,2.39,1.76,2.12,1.87,2.19,1.77,2.14,0.11,2.18,1.94,2.14,1.88,2.14,1.85,2.15,1.91,2.2,0.14,2.05,0.19,1.99,1.88,2.16,1.83,2.16,1.65,2.11,1.77,2.24,1.88,2.18,0.0,2.12,1.77,2.13
CAA29337_cent.pdb,0.61,1.44,0.72,1.54,0.79,1.55,0.72,2.08,0.28,1.52,0.82,2.09,0.59,1.74,0.69,1.75,0.68,1.36,0.64,2.08,0.45,1.37,0.73,1.45,0.73,2.11,0.3,1.39,0.7,2.08,0.49,2.07,0.59,1.49,0.6,1.4,0.74,1.39,0.74,1.55,0.72,1.54,0.72,1.48,0.69,1.39,0.71,1.63,1.2,1.36,0.64,1.39,0.7,1.36,0.74,2.11,0.46,1.48,0.86,1.39,0.67,1.54,0.74,1.4,0.7,2.1,0.54,2.12,0.43,1.53,0.84,1.69,0.72,1.97,0.65,1.35,0.65,1.55,0.73,2.12,0.0,1.36,0.65
CY077110.pdb,1.42,0.85,1.55,0.97,1.59,1.1,1.54,1.74,1.37,0.96,1.55,1.74,1.3,1.39,1.5,1.4,1.35,0.18,1.39,1.74,1.42,0.19,1.54,0.9,1.54,1.76,1.4,0.78,1.54,1.73,1.44,1.74,1.5,0.81,1.54,0.84,1.61,0.8,1.54,1.12,1.56,1.11,1.54,0.79,1.59,0.79,1.42,1.17,1.67,0.16,1.51,0.8,1.52,0.16,1.52,1.76,1.4,0.84,1.56,0.79,1.53,1.1,1.52,0.76,1.58,1.76,1.27,1.77,1.42,0.98,1.55,1.04,1.61,1.72,1.52,0.18,1.53,1.12,1.54,1.77,1.36,0.0,1.52
CY077110_cent.pdb,0.28,1.53,0.45,1.67,0.27,1.65,0.45,2.09,0.64,1.65,0.35,2.1,0.63,1.79,0.26,1.81,0.29,1.52,0.39,2.09,0.53,1.53,0.45,1.59,0.46,2.12,0.65,1.52,0.44,2.09,0.58,2.16,0.57,1.59,0.56,1.62,0.51,1.53,0.39,1.77,0.48,1.76,0.32,1.55,0.49,1.51,0.44,1.72,1.05,1.53,0.21,1.52,0.43,1.52,0.3,2.13,0.56,1.6,0.42,1.53,0.33,1.76,0.5,1.5,0.48,2.11,0.59,2.13,0.56,1.66,0.36,1.9,0.5,2.09,0.6,1.52,0.43,1.77,0.48,2.13,0.65,1.52,0.0
